0.010938882827758789
0.010997772216796875
0.010970354080200195
0.010970592498779297
0.009973764419555664
0.01892566680908203
0.0199429988861084
0.012010812759399414
0.01174020767211914
0.010933876037597656
0.010971784591674805
0.010970354080200195
0.010970592498779297
0.0109710693359375
0.010969161987304688
0.011969327926635742
0.010970592498779297
0.0109710693359375
0.010969161987304688
0.010972261428833008
0.010970354080200195
0.01096963882446289
0.010970592498779297
0.013962507247924805
0.010970592498779297
0.010970592498779297
0.010970592498779297
0.01097249984741211
0.011967897415161133
0.010969400405883789
0.011967658996582031
0.011967897415161133
0.0109710693359375
0.010970115661621094
0.010970592498779297
0.010970830917358398
0.010970830917358398
0.010970830917358398
0.010970830917358398
0.010970115661621094
0.010970592498779297
0.010970592498779297
0.010970592498779297
0.010970592498779297
0.010970830917358398
0.0109710693359375
0.010970354080200195
0.010970592498779297
0.010970592498779297
0.010970592498779297
0.0109710693359375
0.0109710693359375
0.010970115661621094
0.010970830917358398
0.010970354080200195
0.010970830917358398
0.010970354080200195
0.0109710693359375
0.010970354080200195
0.010970592498779297
0.010970592498779297
0.012965917587280273
0.010970592498779297
0.010970592498779297
0.010970592498779297
0.010970354080200195
0.010971784591674805
0.010970592498779297
0.01096963882446289
0.010970592498779297
0.010970830917358398
0.010970830917358398
0.010970592498779297
0.010970592498779297
0.010970830917358398
0.010971307754516602
0.010970592498779297
0.010970592498779297
0.010970830917358398
0.010970592498779297
0.01096963882446289
0.010971784591674805
0.01096963882446289
0.010970592498779297
0.010970592498779297
0.010971546173095703
0.010970592498779297
0.01096963882446289
0.010970592498779297
0.0109710693359375
0.010970592498779297
0.010970592498779297
0.010970830917358398
0.010970830917358398
0.010970830917358398
0.011967897415161133
0.010971307754516602
0.011967182159423828
0.011968612670898438
0.010970592498779297
0.011967658996582031
0.010971307754516602
0.010970354080200195
0.01196742057800293
0.010970354080200195
0.013963460922241211
0.012965202331542969
0.013963460922241211
0.012964487075805664
0.0109710693359375
0.010970354080200195
0.012966156005859375
0.010969400405883789
0.010970354080200195
0.010970830917358398
0.010970592498779297
0.011968851089477539
0.012964487075805664
0.010970354080200195
0.0109710693359375
0.011968612670898438
0.010970354080200195
0.010970354080200195
0.010970354080200195
0.0109710693359375
0.011967897415161133
0.011968135833740234
0.010970115661621094
0.010970830917358398
0.0109710693359375
0.010969877243041992
0.010970830917358398
0.0109710693359375
0.010970592498779297
0.010970592498779297
0.010971784591674805
0.010970592498779297
0.018950939178466797
0.020941972732543945
0.010969877243041992
0.010970354080200195
0.010970830917358398
0.010971546173095703
0.010970592498779297
0.01096963882446289
0.012966632843017578
0.010970354080200195
0.010970830917358398
0.010969400405883789
0.010970830917358398
0.010970592498779297
0.010970830917358398
0.010970592498779297
0.010972023010253906
0.010969400405883789
0.010970592498779297
0.010970830917358398
0.010971307754516602
0.010970354080200195
0.010970354080200195
0.010970354080200195
0.010970592498779297
0.010970592498779297
0.010970830917358398
0.011967897415161133
0.010970592498779297
0.009973764419555664
0.010970830917358398
0.010970115661621094
0.010970592498779297
0.010970830917358398
0.010970592498779297
0.010970592498779297
0.010970592498779297
0.010970830917358398
0.010970592498779297
0.010970830917358398
0.010970592498779297
0.010970592498779297
0.010970592498779297
0.0109710693359375
0.011968135833740234
0.010970592498779297
0.010970592498779297
0.010970354080200195
0.010971546173095703
0.010971546173095703
0.010969877243041992
0.010970115661621094
0.01196908950805664
0.012964010238647461
0.010971307754516602
0.010970354080200195
0.010969877243041992
0.010970830917358398
0.010972976684570312
0.01096963882446289
0.011967182159423828
0.0109710693359375
0.01096963882446289
0.010970830917358398
0.010971784591674805
0.013962030410766602
0.010970830917358398
0.011003255844116211
0.010970115661621094
0.010971307754516602
0.010970354080200195
0.010973930358886719
0.010933876037597656
0.0109710693359375
0.010970592498779297
0.010970592498779297
0.010971546173095703
0.01096963882446289
0.010971546173095703
0.01096963882446289
0.010970592498779297
0.0109710693359375
0.010970354080200195
0.010970830917358398
0.010970592498779297
0.010970592498779297
0.010970592498779297
0.010970592498779297
0.010970830917358398
0.00997304916381836
0.0109710693359375
0.010970592498779297
0.011968851089477539
0.0109710693359375
0.010970830917358398
0.0109710693359375
0.010969877243041992
0.010969877243041992
0.0109710693359375
0.011966943740844727
0.010971546173095703
0.010970592498779297
0.010970830917358398
0.010970592498779297
0.010970830917358398
0.010970830917358398
0.010970115661621094
0.0109710693359375
0.010970592498779297
0.012966394424438477
0.010971784591674805
0.010998964309692383
0.011939048767089844
0.010971546173095703
0.010996103286743164
0.01094508171081543
0.010970115661621094
0.010971546173095703
0.010993003845214844
0.010948419570922852
0.010960578918457031
0.010946512222290039
0.011968374252319336
0.011968135833740234
0.010970592498779297
0.010972023010253906
0.011966466903686523
0.010969877243041992
0.010971546173095703
0.011968374252319336
0.011967897415161133
0.010973453521728516
0.011965274810791016
0.010970115661621094
0.011968135833740234
0.011967658996582031
0.010970830917358398
0.010971307754516602
0.010969877243041992
0.01296544075012207
0.010970830917358398
0.010997772216796875
0.011940479278564453
0.010970354080200195
0.011967897415161133
0.011967658996582031
0.010971307754516602
0.0109710693359375
0.010969877243041992
0.011968612670898438
0.011966943740844727
0.010971307754516602
0.010970354080200195
0.011968135833740234
0.0109710693359375
0.010969877243041992
0.011968135833740234
0.010971546173095703
0.010970592498779297
0.011967658996582031
0.010970830917358398
0.011968612670898438
0.010969877243041992
0.010998010635375977
0.010944843292236328
0.011966466903686523
0.010973215103149414
0.0109710693359375
0.010967254638671875
0.010970830917358398
0.012965679168701172
0.01196742057800293
0.010970592498779297
0.010970830917358398
0.010970354080200195
0.010970592498779297
0.010970592498779297
0.010970592498779297
0.010970830917358398
0.010970830917358398
0.010970354080200195
0.010970830917358398
0.010970354080200195
0.010970830917358398
0.011968374252319336
0.0109710693359375
0.010970354080200195
0.010970830917358398
0.010970592498779297
0.010969877243041992
0.013962745666503906
0.0109710693359375
0.011967897415161133
0.010971307754516602
0.0109710693359375
0.010970115661621094
0.010970592498779297
0.024933815002441406
0.02094554901123047
0.01894688606262207
0.012965917587280273
0.010970592498779297
0.01196742057800293
0.012969493865966797
0.010967731475830078
0.011967658996582031
0.010970592498779297
0.0109710693359375
0.01096963882446289
0.010971546173095703
0.010997295379638672
0.011968374252319336
0.011968612670898438
0.010970592498779297
0.010978937149047852
0.010933876037597656
0.011995553970336914
0.010943174362182617
0.011003494262695312
0.0109710693359375
0.010937690734863281
0.0109710693359375
0.010969877243041992
0.011968851089477539
0.010970354080200195
0.011995553970336914
0.010942459106445312
0.011967897415161133
0.010972261428833008
0.010968923568725586
0.01099085807800293
0.011949539184570312
0.010996818542480469
0.010942935943603516
0.0109710693359375
0.011966943740844727
0.010971784591674805
0.010998010635375977
0.010972976684570312
0.010940074920654297
0.01096963882446289
0.010972976684570312
0.010968208312988281
0.011967897415161133
0.010971784591674805
0.011967182159423828
0.010970592498779297
0.010972023010253906
0.010969877243041992
0.010970592498779297
0.012965917587280273
0.0109710693359375
0.010970592498779297
0.011968851089477539
0.010968208312988281
0.010972261428833008
0.011968135833740234
0.010969161987304688
0.011001825332641602
0.011938095092773438
0.010970354080200195
0.010971784591674805
0.010968446731567383
0.011969327926635742
0.010969877243041992
0.010970115661621094
0.010971546173095703
0.010970592498779297
0.01096963882446289
0.010971784591674805
0.010970592498779297
0.010970830917358398
0.010970592498779297
0.010970592498779297
0.010970592498779297
0.010969877243041992
0.010970354080200195
0.010970592498779297
0.0109710693359375
0.010970592498779297
0.010970592498779297
0.010970592498779297
0.010970592498779297
0.010971784591674805
0.010970592498779297
0.010970592498779297
0.010970592498779297
0.010970830917358398
0.010970592498779297
0.010970830917358398
0.010970592498779297
0.010970592498779297
0.01096963882446289
0.010970592498779297
0.010970592498779297
0.010971784591674805
0.010970830917358398
0.010970592498779297
0.010970592498779297
0.010970592498779297
0.010970592498779297
0.01096963882446289
0.010971784591674805
0.010969400405883789
0.010970830917358398
0.010970592498779297
0.011968612670898438
0.010970830917358398
0.011967182159423828
0.011968374252319336
0.010971784591674805
0.012964487075805664
0.015958309173583984
0.010970115661621094
0.010969877243041992
0.012000799179077148
0.009973526000976562
0.00997471809387207
0.01096963882446289
0.010971307754516602
0.010969877243041992
0.010938882827758789
0.01196742057800293
0.010970115661621094
0.010971784591674805
0.010970830917358398
0.010970354080200195
0.010970830917358398
0.011968612670898438
0.010996818542480469
0.010944366455078125
0.010969877243041992
0.010970592498779297
0.010970354080200195
0.010971546173095703
0.013963699340820312
0.012963533401489258
0.01196742057800293
0.012965679168701172
0.010998010635375977
0.010943174362182617
0.010997772216796875
0.011967658996582031
0.011968851089477539
0.012000322341918945
0.010937213897705078
0.01099848747253418
0.010943412780761719
0.010971784591674805
0.01196599006652832
0.010970592498779297
0.010999679565429688
0.010969400405883789
0.010971307754516602
0.0109710693359375
0.010970354080200195
0.010942220687866211
0.010970592498779297
0.010972023010253906
0.010970354080200195
0.010970592498779297
0.010970830917358398
0.010970592498779297
0.010970115661621094
0.010972023010253906
0.01199483871459961
0.010970115661621094
0.010970592498779297
0.010970354080200195
0.010958433151245117
0.010955810546875
0.012964725494384766
0.011967897415161133
0.01396489143371582
0.012963294982910156
0.010999441146850586
0.010942459106445312
0.012000322341918945
0.010965585708618164
0.010943412780761719
0.010970592498779297
0.010970830917358398
0.010969400405883789
0.010971307754516602
0.010970592498779297
0.011967658996582031
0.010971784591674805
0.010970592498779297
0.01096963882446289
0.010970592498779297
0.010970592498779297
0.010970592498779297
0.0109710693359375
0.010970592498779297
0.0109710693359375
0.010970354080200195
0.010970354080200195
0.010971546173095703
0.01096963882446289
0.010971784591674805
0.010970830917358398
0.010969400405883789
0.0109710693359375
0.010970592498779297
0.010970592498779297
0.011968851089477539
0.01296544075012207
0.010970830917358398
0.010970354080200195
0.010970592498779297
0.010970592498779297
0.010997295379638672
0.010943412780761719
0.011003732681274414
0.010972261428833008
0.010968685150146484
0.010970592498779297
0.010970830917358398
0.010938405990600586
0.010970830917358398
0.010970354080200195
0.014959335327148438
0.010998964309692383
0.010972738265991211
0.010973215103149414
0.010970354080200195
0.010971546173095703
0.010970354080200195
0.010970115661621094
0.010970830917358398
0.010938644409179688
0.010970830917358398
0.010997295379638672
0.010971307754516602
0.010942935943603516
0.01096963882446289
0.020944833755493164
0.021938800811767578
0.010970592498779297
0.010970592498779297
0.010970592498779297
0.010970830917358398
0.010970354080200195
0.010970592498779297
0.010970354080200195
0.010972023010253906
0.010970830917358398
0.010969877243041992
0.011001348495483398
0.010940313339233398
0.010970830917358398
0.01096963882446289
0.010970592498779297
0.010972023010253906
0.010970354080200195
0.01096963882446289
0.011969327926635742
0.014960050582885742
0.010970354080200195
0.010970592498779297
0.009972095489501953
0.010970592498779297
0.010971546173095703
0.011967897415161133
0.01096963882446289
0.010970592498779297
0.010970592498779297
0.010970592498779297
0.010970592498779297
0.0109710693359375
0.010970830917358398
0.0109710693359375
0.010970592498779297
0.012965917587280273
0.010970115661621094
0.010970115661621094
0.010970830917358398
0.01795172691345215
0.012965679168701172
0.010970115661621094
0.010971307754516602
0.01196742057800293
0.010970592498779297
0.010970830917358398
0.011967897415161133
0.010971784591674805
0.010971307754516602
0.010969161987304688
0.010970592498779297
0.010970354080200195
0.010970592498779297
0.010970830917358398
0.010970592498779297
0.010970592498779297
0.010970592498779297
0.0109710693359375
0.010970592498779297
0.010970830917358398
0.01296544075012207
0.010971307754516602
0.010970830917358398
0.010971307754516602
0.010968923568725586
0.010998725891113281
0.010969877243041992
0.010973215103149414
0.020918846130371094
0.02994847297668457
0.018917322158813477
0.013962268829345703
0.012996912002563477
0.01093912124633789
0.010969400405883789
0.018950223922729492
0.019948720932006836
0.010968446731567383
0.0109710693359375
0.01096963882446289
0.010970592498779297
0.010970592498779297
0.010970830917358398
0.010970354080200195
0.010970592498779297
0.010970592498779297
0.010970830917358398
0.010970830917358398
0.010970592498779297
0.010970592498779297
0.010970592498779297
0.010970592498779297
0.010970592498779297
0.010970592498779297
0.0109710693359375
0.010970592498779297
0.010970592498779297
0.010971546173095703
0.01096963882446289
0.010971784591674805
0.010971307754516602
0.010969400405883789
0.011968612670898438
0.011002302169799805
0.0109710693359375
0.010970115661621094
0.010938167572021484
0.010970592498779297
0.010970592498779297
0.010970592498779297
0.010970592498779297
0.010972261428833008
0.010971546173095703
0.0139617919921875
0.010970592498779297
0.010970354080200195
0.010970830917358398
0.010970115661621094
0.010970115661621094
0.010998010635375977
0.010970830917358398
0.010970830917358398
0.010970830917358398
0.010943412780761719
0.011001348495483398
0.010967016220092773
0.010970354080200195
0.010971546173095703
0.010942220687866211
0.010970592498779297
0.009973526000976562
0.010971784591674805
0.010970592498779297
0.010970830917358398
0.010970592498779297
0.010970592498779297
0.010970592498779297
0.01096963882446289
0.010971546173095703
0.010969877243041992
0.010970592498779297
0.010972023010253906
0.010970354080200195
0.011967897415161133
0.01199483871459961
0.010944366455078125
0.010969161987304688
0.010970592498779297
0.010970592498779297
0.010970592498779297
0.010970830917358398
0.010970592498779297
0.010970830917358398
0.010970354080200195
0.010970830917358398
0.010970592498779297
0.010970592498779297
0.010971546173095703
0.0109710693359375
0.010970592498779297
0.010970592498779297
0.010970592498779297
0.010970592498779297
0.01096963882446289
0.010970592498779297
0.010972261428833008
0.010970115661621094
0.01096963882446289
0.0109710693359375
0.010970115661621094
0.010970830917358398
0.010970592498779297
0.010970592498779297
0.010972023010253906
0.010969400405883789
0.010970592498779297
0.010970592498779297
0.010970592498779297
0.010970830917358398
0.010970592498779297
0.010970592498779297
0.010970830917358398
0.010970592498779297
0.0109710693359375
0.010970592498779297
0.010970830917358398
0.010970115661621094
0.0109710693359375
0.010970354080200195
0.01196908950805664
0.011966705322265625
0.010970830917358398
0.010970830917358398
0.010970830917358398
0.012965202331542969
0.0109710693359375
0.011967182159423828
0.011999368667602539
0.01096343994140625
0.010947465896606445
0.010970592498779297
0.010970592498779297
0.0109710693359375
0.010970592498779297
0.010970592498779297
0.01096963882446289
0.010970830917358398
0.010971307754516602
0.010970592498779297
0.0109710693359375
0.010970354080200195
0.010969400405883789
0.0109710693359375
0.010970592498779297
0.010970592498779297
0.010970592498779297
0.010970592498779297
0.010970830917358398
0.010970830917358398
0.010970354080200195
0.010970830917358398
0.010970830917358398
0.010970830917358398
0.010970115661621094
0.010970592498779297
0.011968374252319336
0.010971307754516602
0.010970592498779297
0.0109710693359375
0.010970354080200195
0.010970115661621094
0.010971784591674805
0.010969400405883789
0.010970592498779297
0.010970592498779297
0.010970830917358398
0.010970354080200195
0.010970830917358398
0.010970830917358398
0.010970592498779297
0.010970592498779297
0.010970830917358398
0.010970830917358398
0.010970115661621094
0.0109710693359375
0.010970354080200195
0.010971546173095703
0.010970115661621094
0.010970830917358398
0.012965917587280273
0.010970115661621094
0.011002540588378906
0.010938882827758789
0.01096963882446289
0.010970592498779297
0.010970830917358398
0.010970830917358398
0.010970830917358398
0.010970592498779297
0.010970830917358398
0.010970592498779297
0.010970354080200195
0.010970830917358398
0.010970354080200195
0.010970830917358398
0.010970592498779297
0.009973287582397461
0.010970592498779297
0.010970592498779297
0.010970592498779297
0.010970592498779297
0.010971307754516602
0.010970115661621094
0.010970830917358398
0.010970592498779297
0.010970592498779297
0.010970592498779297
0.010971307754516602
0.010970592498779297
0.010970354080200195
0.010970592498779297
0.010970592498779297
0.010970592498779297
0.010970592498779297
0.010970592498779297
0.0109710693359375
0.010970592498779297
0.011968374252319336
0.010970115661621094
0.010971307754516602
0.010970115661621094
0.0109710693359375
0.010970115661621094
0.010970592498779297
0.010970592498779297
0.010970592498779297
0.010970592498779297
0.010970592498779297
0.0109710693359375
0.010970592498779297
0.010970830917358398
0.010970830917358398
0.010970592498779297
0.010970115661621094
0.0109710693359375
0.010970830917358398
0.010970592498779297
0.010970354080200195
0.010970592498779297
0.010970592498779297
0.010970830917358398
0.010970354080200195
0.010970830917358398
0.010970592498779297
0.010970830917358398
0.010970592498779297
0.010970830917358398
0.010970830917358398
0.010970592498779297
0.010970354080200195
0.010970592498779297
0.010970830917358398
0.0109710693359375
0.010970354080200195
0.010970830917358398
0.011968135833740234
0.010970115661621094
0.010998725891113281
0.010970115661621094
0.010979652404785156
0.010967731475830078
0.010971784591674805
0.010968685150146484
0.0109710693359375
0.0109710693359375
0.010970830917358398
0.010973691940307617
0.010970830917358398
0.010967493057250977
0.010936737060546875
0.010970592498779297
0.010970830917358398
0.010970592498779297
0.010972261428833008
0.010996818542480469
0.011942148208618164
0.019945144653320312
0.023937702178955078
0.01994490623474121
0.011968374252319336
0.010970592498779297
0.010972261428833008
0.010969877243041992
0.013961315155029297
0.01296544075012207
0.010970592498779297
0.010970592498779297
0.012966632843017578
0.01495981216430664
0.013962984085083008
0.012964010238647461
0.012967586517333984
0.013960599899291992
0.010970354080200195
0.011967897415161133
0.010970592498779297
0.010971307754516602
0.010970592498779297
0.010970354080200195
0.010970830917358398
0.010971307754516602
0.01096963882446289
0.010970592498779297
0.010970830917358398
0.01099848747253418
0.011940717697143555
0.010970354080200195
0.0109710693359375
0.010970592498779297
0.010970115661621094
0.010971784591674805
0.010970592498779297
0.010969400405883789
0.010970592498779297
0.010970830917358398
0.010971307754516602
0.010970830917358398
0.010970354080200195
0.010970354080200195
0.010970354080200195
0.011967897415161133
0.010971307754516602
0.01296544075012207
0.010969877243041992
0.010970830917358398
0.010970592498779297
0.012965917587280273
0.012964963912963867
0.011968374252319336
0.011968135833740234
0.010969877243041992
0.010970830917358398
0.010971307754516602
0.011968612670898438
0.014960527420043945
0.01398921012878418
0.012937545776367188
0.012966632843017578
0.011966466903686523
0.012965917587280273
0.01196908950805664
0.012964010238647461
0.010971784591674805
0.012994050979614258
0.010941743850708008
0.012965679168701172
0.010996580123901367
0.010970830917358398
0.011941194534301758
0.010969877243041992
0.012966394424438477
0.01196742057800293
0.011969327926635742
0.010996341705322266
0.011940479278564453
0.010970354080200195
